0.200000 0.000000 0.000000 1.000000 225.000000
0.200000 0.000000 0.000000 1.000000 225.000000
0.200000 0.000000 0.000000 1.000000 225.000000
0.200000 0.000000 0.000000 1.000000 225.000000
0.200000 0.000000 0.000000 1.000000 225.000000
0.200000 0.000000 0.000000 1.000000 225.000000
0.200000 0.000000 0.000000 1.000000 225.000000
0.200000 0.000000 0.000000 1.000000 225.000000
0.200000 0.000000 0.000000 1.000000 225.000000
0.200000 0.000000 0.000000 1.000000 225.000000
0.200000 0.000000 0.000000 1.000000 225.000000
0.200000 0.000000 0.000000 1.000000 225.000000
0.200000 0.000000 0.000000 1.000000 225.000000
0.200000 0.000000 0.000000 1.000000 225.000000
0.200000 0.000000 0.000000 1.000000 225.000000
0.200000 0.000000 0.000000 1.000000 225.000000
0.200000 0.000000 0.000000 1.000000 225.000000
0.200000 0.000000 0.000000 1.000000 225.000000
0.200000 0.000000 0.000000 1.000000 225.000000
0.200000 0.000000 0.000000 1.000000 225.000000
0.200000 0.000000 0.000000 1.000000 225.000000
0.200000 0.000000 0.000000 1.000000 225.000000
0.200000 0.000000 0.000000 1.000000 225.000000
0.200000 0.000000 0.000000 1.000000 225.000000
0.200000 0.000000 0.000000 1.000000 225.000000
0.200000 0.000000 0.000000 1.000000 225.000000
0.200000 0.000000 0.000000 1.000000 225.000000
0.200000 0.000000 0.000000 1.000000 225.000000
0.200000 0.000000 0.000000 1.000000 225.000000
0.200000 0.000000 0.000000 1.000000 225.000000
0.200000 0.000000 0.000000 1.000000 225.000000
0.200000 0.000000 0.000000 1.000000 225.000000
0.200000 0.000000 0.000000 1.000000 225.000000
0.200000 0.000000 0.000000 1.000000 225.000000
0.200000 0.000000 0.000000 1.000000 225.000000
0.200000 0.000000 0.000000 1.000000 225.000000
0.200000 0.000000 0.000000 1.000000 225.000000
0.200000 0.000000 0.000000 1.000000 225.000000
0.200000 0.000000 0.000000 1.000000 225.000000
0.200000 0.000000 0.000000 1.000000 225.000000
0.200000 0.000000 0.000000 1.000000 225.000000
0.200000 0.000000 0.000000 1.000000 225.000000
0.200000 0.000000 0.000000 1.000000 225.000000
0.200000 0.000000 0.000000 1.000000 225.000000
0.200000 0.000000 0.000000 1.000000 225.000000
0.200000 0.000000 0.000000 1.000000 225.000000
0.200000 0.000000 0.000000 1.000000 225.000000
0.200000 0.000000 0.000000 1.000000 225.000000
0.200000 0.000000 0.000000 1.000000 225.000000
0.200000 0.000000 0.000000 1.000000 225.000000
0.200000 0.000000 0.000000 1.000000 225.000000
0.200000 0.000000 0.000000 1.000000 225.000000
0.200000 0.000000 0.000000 1.000000 225.000000
0.200000 0.000000 0.000000 1.000000 225.000000
0.200000 0.000000 0.000000 1.000000 225.000000
0.200000 0.000000 0.000000 1.000000 225.000000
0.200000 0.000000 0.000000 1.000000 225.000000
0.200000 0.000000 0.000000 1.000000 225.000000
0.200000 0.000000 0.000000 1.000000 225.000000
0.200000 0.000000 0.000000 1.000000 225.000000
0.200000 0.000000 0.000000 1.000000 225.000000
0.200000 -0.074838 -0.106980 1.000000 225.000000
0.200000 -0.149677 -0.213959 1.000000 225.000000
0.200000 -0.224515 -0.320939 1.000000 225.000000
0.200000 -0.299354 -0.427919 1.000000 225.000000
0.200000 -0.374192 -0.534898 1.000000 225.000000
0.200000 -0.449031 -0.641878 1.000000 225.000000
0.200000 -0.523869 -0.748858 1.000000 225.000000
0.200000 -0.598708 -0.855838 1.000000 225.000000
0.200000 -0.673546 -0.962817 1.000000 225.000000
0.200000 -0.748385 -1.069797 1.000000 225.000000
0.200000 -0.823223 -1.176777 1.000000 225.000000
0.200000 -0.898062 -1.283756 1.000000 225.000000
0.200000 -0.972900 -1.390736 1.000000 225.000000
0.200000 -1.047739 -1.497716 1.000000 225.000000
0.200000 -1.122577 -1.604695 1.000000 225.000000
0.200000 -1.197416 -1.711675 1.000000 225.000000
0.200000 -1.272254 -1.818655 1.000000 225.000000
0.200000 -1.347093 -1.925635 1.000000 225.000000
0.200000 -1.421931 -2.032614 1.000000 225.000000
0.200000 -1.496770 -2.139594 1.000000 225.000000
0.200000 -1.571608 -2.246574 1.000000 225.000000
0.200000 -1.646447 -2.353553 1.000000 225.000000
0.200000 -1.646447 -2.353553 1.000000 225.000000
0.200000 -1.729680 -2.420627 1.000000 212.727273
0.200000 -1.825268 -2.468475 1.000000 200.454545
0.200000 -1.928843 -2.494911 1.000000 188.181818
0.200000 -2.035670 -2.498726 1.000000 175.909091
0.200000 -2.140866 -2.479746 1.000000 163.636364
0.200000 -2.239624 -2.438839 1.000000 151.363636
0.200000 -2.327430 -2.377875 1.000000 139.090909
0.200000 -2.400271 -2.299639 1.000000 126.818182
0.200000 -2.454816 -2.207708 1.000000 114.545455
0.200000 -2.488573 -2.106283 1.000000 102.272727
0.200000 -2.500000 -2.000000 1.000000 90.000000
0.200000 -2.500000 -2.000000 1.000000 90.000000
0.200000 -2.500000 -1.896429 1.000000 90.000000
0.200000 -2.500000 -1.792857 1.000000 90.000000
0.200000 -2.500000 -1.689286 1.000000 90.000000
0.200000 -2.500000 -1.585714 1.000000 90.000000
0.200000 -2.500000 -1.482143 1.000000 90.000000
0.200000 -2.500000 -1.378571 1.000000 90.000000
0.200000 -2.500000 -1.275000 1.000000 90.000000
0.200000 -2.500000 -1.171429 1.000000 90.000000
0.200000 -2.500000 -1.067857 1.000000 90.000000
0.200000 -2.500000 -0.964286 1.000000 90.000000
0.200000 -2.500000 -0.860714 1.000000 90.000000
0.200000 -2.500000 -0.757143 1.000000 90.000000
0.200000 -2.500000 -0.653571 1.000000 90.000000
0.200000 -2.500000 -0.550000 1.000000 90.000000
0.200000 -2.500000 -0.446429 1.000000 90.000000
0.200000 -2.500000 -0.342857 1.000000 90.000000
0.200000 -2.500000 -0.239286 1.000000 90.000000
0.200000 -2.500000 -0.135714 1.000000 90.000000
0.200000 -2.500000 -0.032143 1.000000 90.000000
0.200000 -2.500000 0.071429 1.000000 90.000000
0.200000 -2.500000 0.175000 1.000000 90.000000
0.200000 -2.500000 0.278571 1.000000 90.000000
0.200000 -2.500000 0.382143 1.000000 90.000000
0.200000 -2.500000 0.485714 1.000000 90.000000
0.200000 -2.500000 0.589286 1.000000 90.000000
0.200000 -2.500000 0.692857 1.000000 90.000000
0.200000 -2.500000 0.796429 1.000000 90.000000
0.200000 -2.500000 0.900000 1.000000 90.000000
