0.200000 -1.646447 -2.353553 1.000000 225.000000
0.200000 -1.646447 -2.353553 1.000000 225.000000
0.200000 -1.646447 -2.353553 1.000000 225.000000
0.200000 -1.646447 -2.353553 1.000000 225.000000
0.200000 -1.646447 -2.353553 1.000000 225.000000
0.200000 -1.646447 -2.353553 1.000000 225.000000
0.200000 -1.646447 -2.353553 1.000000 225.000000
0.200000 -1.646447 -2.353553 1.000000 225.000000
0.200000 -1.646447 -2.353553 1.000000 225.000000
0.200000 -1.646447 -2.353553 1.000000 225.000000
0.200000 -1.646447 -2.353553 1.000000 225.000000
0.200000 -1.646447 -2.353553 1.000000 225.000000
0.200000 -1.646447 -2.353553 1.000000 225.000000
0.200000 -1.646447 -2.353553 1.000000 225.000000
0.200000 -1.646447 -2.353553 1.000000 225.000000
0.200000 -1.646447 -2.353553 1.000000 225.000000
0.200000 -1.646447 -2.353553 1.000000 225.000000
0.200000 -1.646447 -2.353553 1.000000 225.000000
0.200000 -1.646447 -2.353553 1.000000 225.000000
0.200000 -1.646447 -2.353553 1.000000 225.000000
0.200000 -1.646447 -2.353553 1.000000 225.000000
0.200000 -1.646447 -2.353553 1.000000 225.000000
0.200000 -1.646447 -2.353553 1.000000 225.000000
0.200000 -1.646447 -2.353553 1.000000 225.000000
0.200000 -1.646447 -2.353553 1.000000 225.000000
0.200000 -1.646447 -2.353553 1.000000 225.000000
0.200000 -1.646447 -2.353553 1.000000 225.000000
0.200000 -1.646447 -2.353553 1.000000 225.000000
0.200000 -1.646447 -2.353553 1.000000 225.000000
0.200000 -1.646447 -2.353553 1.000000 225.000000
0.200000 -1.646447 -2.353553 1.000000 225.000000
0.200000 -1.646447 -2.353553 1.000000 225.000000
0.200000 -1.646447 -2.353553 1.000000 225.000000
0.200000 -1.646447 -2.353553 1.000000 225.000000
0.200000 -1.646447 -2.353553 1.000000 225.000000
0.200000 -1.646447 -2.353553 1.000000 225.000000
0.200000 -1.646447 -2.353553 1.000000 225.000000
0.200000 -1.646447 -2.353553 1.000000 225.000000
0.200000 -1.646447 -2.353553 1.000000 225.000000
0.200000 -1.646447 -2.353553 1.000000 225.000000
0.200000 -1.646447 -2.353553 1.000000 225.000000
0.200000 -1.646447 -2.353553 1.000000 225.000000
0.200000 -1.646447 -2.353553 1.000000 225.000000
0.200000 -1.646447 -2.353553 1.000000 225.000000
0.200000 -1.646447 -2.353553 1.000000 225.000000
0.200000 -1.646447 -2.353553 1.000000 225.000000
0.200000 -1.646447 -2.353553 1.000000 225.000000
0.200000 -1.646447 -2.353553 1.000000 225.000000
0.200000 -1.646447 -2.353553 1.000000 225.000000
0.200000 -1.646447 -2.353553 1.000000 225.000000
0.200000 -1.646447 -2.353553 1.000000 225.000000
0.200000 -1.646447 -2.353553 1.000000 225.000000
0.200000 -1.646447 -2.353553 1.000000 225.000000
0.200000 -1.646447 -2.353553 1.000000 225.000000
0.200000 -1.646447 -2.353553 1.000000 225.000000
0.200000 -1.646447 -2.353553 1.000000 225.000000
0.200000 -1.646447 -2.353553 1.000000 225.000000
0.200000 -1.646447 -2.353553 1.000000 225.000000
0.200000 -1.646447 -2.353553 1.000000 225.000000
0.200000 -1.646447 -2.353553 1.000000 225.000000
0.200000 -1.646447 -2.353553 1.000000 225.000000
0.200000 -1.646447 -2.353553 1.000000 225.000000
0.200000 -1.646447 -2.353553 1.000000 225.000000
0.200000 -1.646447 -2.353553 1.000000 225.000000
0.200000 -1.646447 -2.353553 1.000000 225.000000
0.200000 -1.646447 -2.353553 1.000000 225.000000
0.200000 -1.646447 -2.353553 1.000000 225.000000
0.200000 -1.646447 -2.353553 1.000000 225.000000
0.200000 -1.646447 -2.353553 1.000000 225.000000
0.200000 -1.646447 -2.353553 1.000000 225.000000
0.200000 -1.646447 -2.353553 1.000000 225.000000
0.200000 -1.646447 -2.353553 1.000000 225.000000
0.200000 -1.646447 -2.353553 1.000000 225.000000
0.200000 -1.646447 -2.353553 1.000000 225.000000
0.200000 -1.646447 -2.353553 1.000000 225.000000
0.200000 -1.729680 -2.420627 1.000000 212.727273
0.200000 -1.825268 -2.468475 1.000000 200.454545
0.200000 -1.928843 -2.494911 1.000000 188.181818
0.200000 -2.035670 -2.498726 1.000000 175.909091
0.200000 -2.140866 -2.479746 1.000000 163.636364
0.200000 -2.239624 -2.438839 1.000000 151.363636
0.200000 -2.327430 -2.377875 1.000000 139.090909
0.200000 -2.400271 -2.299639 1.000000 126.818182
0.200000 -2.454816 -2.207708 1.000000 114.545455
0.200000 -2.488573 -2.106283 1.000000 102.272727
0.200000 -2.500000 -2.000000 1.000000 90.000000
0.200000 -2.500000 -2.000000 1.000000 90.000000
0.200000 -2.500000 -1.897222 1.000000 90.000000
0.200000 -2.500000 -1.794444 1.000000 90.000000
0.200000 -2.500000 -1.691667 1.000000 90.000000
0.200000 -2.500000 -1.588889 1.000000 90.000000
0.200000 -2.500000 -1.486111 1.000000 90.000000
0.200000 -2.500000 -1.383333 1.000000 90.000000
0.200000 -2.500000 -1.280556 1.000000 90.000000
0.200000 -2.500000 -1.177778 1.000000 90.000000
0.200000 -2.500000 -1.075000 1.000000 90.000000
0.200000 -2.500000 -0.972222 1.000000 90.000000
0.200000 -2.500000 -0.869444 1.000000 90.000000
0.200000 -2.500000 -0.766667 1.000000 90.000000
0.200000 -2.500000 -0.663889 1.000000 90.000000
0.200000 -2.500000 -0.561111 1.000000 90.000000
0.200000 -2.500000 -0.458333 1.000000 90.000000
0.200000 -2.500000 -0.355556 1.000000 90.000000
0.200000 -2.500000 -0.252778 1.000000 90.000000
0.200000 -2.500000 -0.150000 1.000000 90.000000
0.200000 -2.500000 -0.047222 1.000000 90.000000
0.200000 -2.500000 0.055556 1.000000 90.000000
0.200000 -2.500000 0.158333 1.000000 90.000000
0.200000 -2.500000 0.261111 1.000000 90.000000
0.200000 -2.500000 0.363889 1.000000 90.000000
0.200000 -2.500000 0.466667 1.000000 90.000000
0.200000 -2.500000 0.569444 1.000000 90.000000
0.200000 -2.500000 0.672222 1.000000 90.000000
0.200000 -2.500000 0.775000 1.000000 90.000000
0.200000 -2.500000 0.877778 1.000000 90.000000
0.200000 -2.500000 0.980556 1.000000 90.000000
0.200000 -2.500000 1.083333 1.000000 90.000000
0.200000 -2.500000 1.186111 1.000000 90.000000
0.200000 -2.500000 1.288889 1.000000 90.000000
0.200000 -2.500000 1.391667 1.000000 90.000000
0.200000 -2.500000 1.494444 1.000000 90.000000
0.200000 -2.500000 1.597222 1.000000 90.000000
0.200000 -2.500000 1.700000 1.000000 90.000000
